717
507
685
997
580
8
425
572
979
857
538
850
883
340
12
419
153
977
186
935
126
311
526
61
492
868
324
378
860
453
981
293
112
683
634
891
826
479
133
569
896
657
485
559
498
939
800
403
759
593
955
406
354
98
330
123
268
650
44
605
975
161
107
170
467
929
911
232
243
825
346
722
609
456
639
691
424
350
484
742
355
272
956
14
209
201
501
801
197
220
495
845
648
287
548
270
738
984
761
109
885
887
83
816
792
102
1
465
633
100
69
251
76
317
623
359
347
753
779
13
310
555
688
973
794
763
780
600
876
737
714
203
862
638
64
707
632
308
304
823
950
488
466
530
184
583
155
599
524
458
34
727
198
171
980
822
17
996
903
735
249
211
231
731
163
415
139
931
508
614
77
789
227
473
643
571
602
541
888
146
948
957
401
84
386
267
476
24
263
551
314
853
129
387
235
640
260
595
664
596
587
827
675
261
427
545
371
394
582
543
165
928
895
152
621
342
590
532
525
344
181
783
889
27
65
32
183
528
393
668
25
257
352
185
468
207
431
824
516
141
20
204
790
125
217
886
930
54
295
87
993
118
11
723
402
946
610
51
481
686
56
226
455
812
22
840
462
990
470
115
225
262
449
121
271
59
510
414
986
36
856
338
778
663
641
919
730
496
718
4
715
720
438
172
974
676
202
865
866
672
122
871
372
452
145
851
625
982
404
961
666
366
174
858
815
103
332
558
594
700
461
101
182
954
277
206
603
693
952
574
422
687
477
522
420
969
96
47
28
706
281
42
637
177
775
765
480
615
631
899
445
869
97
148
900
195
776
253
995
451
306
908
30
124
768
157
579
744
606
474
282
218
843
82
920
316
166
469
838
191
752
724
654
844
998
932
19
940
518
803
601
326
291
259
199
288
842
660
616
407
159
665
119
902
849
629
807
319
487
353
661
284
509
276
965
16
92
505
785
770
75
682
612
323
250
910
991
777
416
60
745
527
645
31
130
90
867
62
321
750
726
94
618
436
196
655
478
70
497
348
212
598
337
392
362
193
86
746
160
7
636
970
553
240
624
41
43
921
2
684
749
565
325
68
241
242
517
773
570
275
581
131
426
331
132
796
578
448
482
829
454
35
814
214
622
627
256
307
513
175
144
300
901
890
544
162
55
922
820
918
29
771
791
589
176
105
863
697
356
873
774
854
673
736
592
450
520
647
646
180
963
38
972
652
104
357
475
649
608
298
292
471
200
782
943
512
879
788
669
343
244
576
769
818
729
859
557
836
379
286
375
732
396
435
66
320
57
563
566
128
861
567
703
255
748
210
597
39
999
813
846
523
213
951
278
273
591
430
345
385
254
613
437
335
89
966
247
968
992
88
936
26
364
418
604
50
802
799
190
167
987
819
988
440
762
912
252
46
875
322
739
949
878
114
934
67
897
760
494
443
384
339
915
412
433
301
208
189
917
18
383
630
33
37
45
529
577
233
99
795
907
964
63
874
294
274
173
483
734
994
493
147
23
289
329
429
446
898
882
188
91
237
546
361
679
835
671
399
459
149
841
617
40
303
561
808
460
658
519
266
444
733
976
502
926
111
373
702
349
108
696
228
923
667
283
690
811
79
705
397
611
215
817
855
864
511
692
489
872
941
380
334
713
423
708
586
106
81
909
503
395
138
491
410
588
542
828
904
535
725
381
179
832
238
15
447
805
848
500
983
411
363
302
656
767
514
110
925
486
755
534
839
318
221
296
376
628
248
674
653
741
413
234
810
585
391
230
3
677
549
434
847
944
464
6
562
194
169
154
151
831
797
938
568
699
187
158
370
333
784
852
72
662
804
156
540
390
877
377
754
620
472
428
893
135
644
305
216
670
143
959
689
958
870
264
575
721
417
914
837
341
881
680
913
937
709
10
635
892
408
313
681
710
374
336
651
830
280
695
73
947
573
927
962
192
960
78
299
942
967
365
539
265
894
764
552
809
933
369
880
239
787
971
93
21
833
793
223
290
142
712
150
205
297
554
382
457
985
704
117
224
556
916
80
531
884
506
564
442
747
53
120
269
328
740
71
751
619
463
137
772
924
258
504
246
547
978
806
537
49
701
398
400
642
989
245
439
164
757
698
327
756
360
550
786
515
368
953
906
1000
136
52
694
432
219
95
389
533
229
168
584
678
659
834
222
5
127
134
728
421
560
74
945
358
48
536
285
490
521
140
781
405
711
178
309
367
821
236
9
388
351
116
607
409
499
766
798
758
716
315
58
279
719
743
113
626
905
312
85
441
