7879
6723
9174
5910
7859
86
2771
1975
8017
6761
2674
2904
9257
7293
4296
8567
6780
762
6486
3744
5363
8680
9974
5741
8819
9883
7357
8145
7902
6787
8224
668
6113
4018
6426
8664
9441
7594
3886
9505
7532
3056
2266
7936
6362
5970
5228
702
9533
248
1027
7010
2753
951
5566
6732
7340
6508
9776
1853
5120
4170
4852
6195
1695
8636
9531
5580
7541
1683
6136
3842
6251
6637
6388
2886
1891
4926
8614
6395
5211
2366
3338
6151
4497
7821
3592
6998
2248
9480
7521
8398
578
3470
2226
9792
9589
8789
7244
4348
6917
3248
6493
8856
835
6878
7021
7983
5397
140
8984
5516
5819
3200
5239
5916
7808
2300
3097
3004
694
8986
2434
5997
4081
7752
3218
4710
7987
3643
7583
2679
6844
911
4587
6753
5752
5864
2147
9027
6969
7086
4555
4125
1698
2259
3531
8259
5325
5271
4515
2481
7479
7499
9583
9153
3773
9246
8780
8907
2590
6773
5893
5172
4874
5267
8484
4149
8103
5930
2628
9385
5197
2113
1790
7480
4311
5992
1471
7035
8104
5961
3860
9342
7088
563
8790
6132
6471
8608
691
608
5086
7516
2912
6715
9076
1423
4498
3281
6038
3270
522
7857
2839
6925
1969
4607
7008
585
5315
712
4265
9535
2583
652
2476
5119
2437
9418
6403
1672
5177
2265
6482
4812
4163
8846
5170
2236
1206
9052
8347
4721
8463
6970
2596
8517
5571
7456
9745
4462
6402
848
4502
4009
7842
51
7016
2024
9522
9336
5901
9259
4222
1547
4705
1348
48
7450
907
9644
4944
1038
4300
5255
4554
4499
8597
9104
4105
9877
9160
2789
2020
6436
2693
5798
6728
1081
2937
5053
1099
9371
1865
251
4781
3502
7122
5402
3609
9823
7192
5050
5778
8792
197
4743
2994
4207
3817
5260
8433
4760
481
6697
5473
4849
3888
6592
2947
7835
3905
1393
5625
3605
6822
3165
2253
8716
5616
5650
1701
6853
7705
9164
2168
6635
5018
5934
2013
5772
1875
1261
8241
1123
564
5321
8960
8146
3145
9901
8437
3175
8723
899
5559
6550
2863
3701
7333
1216
1044
9040
2507
1102
6117
5103
5279
7709
4196
4162
3333
7312
7523
229
5762
7382
2349
8609
7194
8569
303
5613
4846
1019
4268
2626
9167
6796
5111
3695
2061
8252
9750
7496
1495
5828
28
498
771
2156
1275
8520
4033
9693
8253
5596
2581
1138
8161
7495
346
4449
1893
5804
2974
4271
877
165
6722
1174
9820
4202
6409
7589
1041
2068
8877
85
6365
2280
4166
2763
3501
9704
3682
4012
9073
4017
3826
1578
1359
4567
161
7068
5006
204
8637
9211
7969
3221
2189
1263
2495
1086
9564
9209
820
1184
6023
201
4786
9965
3940
4731
3720
8672
6931
5409
8928
3746
942
4972
5394
4179
8549
2842
6690
8393
1855
2298
4612
1104
2647
3703
3705
1254
6095
9519
9199
7
5576
2687
416
159
7651
6309
2926
5207
2341
189
7841
1362
1769
9239
5884
9729
659
6147
6575
2698
6827
742
7623
5441
6553
1380
9526
6757
2798
9455
8025
8993
7663
3460
4627
7378
9340
2614
4355
3987
6802
7738
133
7729
8793
3427
5024
1545
1794
3832
5925
5662
7063
2977
7527
209
9400
4664
7125
2622
9469
535
99
6695
9518
4089
2980
3386
4711
7598
4316
7104
4685
1078
2704
9269
2932
1696
7907
5845
8451
5491
6532
3080
7193
331
2069
2382
7483
2175
3437
4463
5870
2100
6595
7459
4276
2768
3639
4848
4080
1590
5065
9610
3549
4707
9961
7489
1883
6069
4415
1764
2400
211
6392
914
7822
347
8813
9357
9309
5834
3423
1576
3081
4275
4409
7631
2026
7815
6657
765
3272
3823
5367
5014
2073
686
6347
7711
1579
36
8584
3326
1452
8980
4839
8392
4189
968
1768
7014
3358
1956
7973
7302
6484
7276
8897
8895
8304
2031
7423
9785
456
7549
3999
7966
4374
4668
2431
9156
9712
9284
4123
8109
3882
2310
4128
917
7418
8619
6198
9168
1340
5807
8471
3919
5946
4573
8613
6833
8448
3030
801
6494
7757
7686
419
9447
4884
9280
6305
6106
4610
6358
238
3475
2290
5462
3263
488
9308
7062
947
8718
7730
8431
7020
1788
954
4236
74
2713
7789
5283
142
2866
1255
817
7011
889
2496
8997
19
2465
809
2641
5129
1124
8838
7237
6212
9999
6558
4878
2935
7989
8576
2150
8954
3545
1108
7249
7457
6634
9651
6139
4516
3185
9158
6127
2899
5552
8335
4898
5465
2098
2748
9893
423
7642
4912
2708
6089
1008
5668
7870
1842
6053
7471
3147
671
4688
4493
7643
5610
2229
2129
8016
9922
9892
586
5454
9242
8238
4509
5742
2205
861
4968
7570
2525
9329
1892
4905
8607
2343
6312
6343
1801
3631
4045
4682
5005
3707
4992
4708
9382
4644
9573
6781
2860
6784
3989
5447
7144
4895
3663
8978
8363
2117
2582
5319
8457
5217
174
612
351
3467
4151
7743
7421
308
10
8714
8625
8350
2676
4008
7110
2087
4966
2328
7396
7932
2833
323
3347
3831
6501
9125
205
5760
8480
5651
7877
151
7939
348
1277
3054
5294
2166
6058
2920
8255
8407
3474
6121
3079
5248
2225
2900
8403
7706
3683
9931
3985
9019
1986
3007
1819
9501
6440
1374
7994
4592
3575
7462
1573
757
2123
3411
3645
941
6432
896
7981
1651
5621
3766
8077
7775
4114
8501
6351
2313
18
7535
3928
9281
9660
3694
3159
8955
3741
2597
8340
1982
4229
9479
1916
277
9214
6041
125
6266
769
7386
2522
7577
1155
4589
5877
1388
2519
985
9616
6202
4600
9721
8325
7048
6350
4766
4576
7593
7575
6506
3073
5590
5608
662
3439
2797
3009
3615
1091
7161
616
2533
1967
8185
699
2234
1784
2819
3593
8184
2979
997
2567
2799
3614
4583
9483
8148
6397
2659
7307
5413
6174
1305
6323
3759
7785
5109
3022
8011
6855
4264
831
7666
3811
1709
4952
3802
781
6571
3986
4221
1510
9487
6217
906
6736
9482
5513
9324
7437
8167
1107
8341
4570
9939
1159
2326
62
5160
3279
5764
8282
8794
9726
4575
6068
9131
7447
555
2635
3527
1490
3876
6619
2164
1992
8736
8134
7641
8488
3692
6029
4947
9360
7565
5869
7149
3579
171
711
1140
5592
3632
2795
8458
7234
3251
8971
6026
1692
9098
2646
1033
1577
2871
3278
4113
3491
7169
1178
6838
2782
6689
8097
2834
1666
634
187
8995
233
7727
182
9224
5100
872
2373
9924
54
1317
9943
6141
2813
3537
2703
2902
316
7840
8858
1486
8939
9702
42
6125
387
1392
989
9739
4591
8656
8671
2345
4518
9959
6805
2320
4564
3128
2448
6750
1333
1131
581
2595
3606
2049
5095
4434
1507
1936
4401
974
9210
4750
1851
4185
2131
4955
6688
9542
5126
1690
3029
4160
7554
4111
7863
418
7297
9124
6880
1219
3003
7685
3708
4986
9301
6295
2604
7699
141
9927
3321
4005
1797
1838
104
1162
9633
1357
2488
7256
7558
5451
4946
7762
3466
5707
6883
9205
2781
4259
7387
4528
3684
6857
2930
4806
6818
5792
1241
3417
7376
3041
7826
2104
1717
5304
9368
5366
5031
4398
1861
1341
6820
6764
6258
9842
3385
4540
4369
4046
5488
5329
5539
2751
2483
8901
3771
1858
2715
7735
2501
336
3387
1919
9592
5685
3267
5975
5655
7350
9994
4572
3083
8773
7754
1740
6981
949
5456
2489
1228
3570
7198
6337
6253
5945
4418
8386
7442
9552
4983
4959
4625
9833
550
2630
7801
4899
5999
1529
3099
4304
3120
2362
3731
1972
8081
4614
8919
797
6380
3014
1580
2487
5273
8010
6200
4951
2742
1667
7576
5745
5434
9325
6584
6449
9841
4810
2485
6291
1329
35
7995
4961
864
7892
3137
6165
6517
5107
9685
6918
8388
4425
6911
8781
4655
9493
8404
2083
1879
4437
6043
2446
30
6520
1700
4756
4695
4649
9850
3569
29
9848
9115
1927
4459
1517
1493
6123
4289
7864
7096
7085
795
1057
1069
5187
648
3644
9288
4386
7414
650
3315
4658
5779
6960
9273
97
3887
7944
5117
6495
9078
6727
1342
4894
8674
6851
8285
4193
2420
2092
5226
3524
3660
8040
8292
9540
5290
3112
1056
1330
7059
6170
1358
9912
4508
716
8606
6464
1953
1001
3156
9331
4801
3339
6355
9106
7880
2804
6816
6457
5669
7760
3808
8587
5154
4825
1004
7671
137
6919
529
1101
91
1779
7398
4574
1156
3574
7444
1669
1283
5390
2911
571
2119
2241
9207
4466
8744
4277
1568
6116
5276
2585
4318
7123
3258
8320
9936
7213
9042
2276
1569
9057
6905
9536
6902
3727
4596
4693
3039
7659
6706
6332
9050
4084
1160
6670
3689
3755
4934
9804
3016
8039
2212
8155
5867
8756
7419
2111
1394
2246
4239
7831
4351
1556
8728
4217
3247
3590
6007
1127
3354
4159
6588
4537
3015
4326
3302
9731
1962
9077
8429
5784
3335
6104
7556
1518
8051
9911
1747
557
1807
8582
732
779
5263
744
2901
720
1970
3469
9874
7792
9295
2536
8370
1867
4641
2199
9604
3254
8905
2223
2880
8090
2452
1738
2294
8365
10000
5912
9008
8855
8593
5848
6124
4932
1679
3816
3197
8561
2103
7937
5333
3764
8486
7918
6743
8088
5923
6627
1302
7531
1886
5384
5009
2738
2892
9591
9777
1183
3454
3350
8215
9117
6190
3839
3884
2822
9173
1998
3902
2918
5104
3785
4669
6411
3222
8204
7477
3316
8759
9643
9549
31
7181
558
9313
8485
8530
6530
5078
1833
2388
7961
7075
2733
8178
4604
5705
5692
2787
2331
4175
7429
6604
1902
4585
9642
1954
4887
4153
6066
7539
9751
8765
8396
3975
3958
4110
2824
5827
6658
8130
6871
687
4157
7538
3216
3384
5489
1979
7094
6338
4546
7638
6552
6079
7188
4990
177
9809
3389
9755
3602
9615
5155
1125
5436
6274
7018
6020
9909
5209
3399
1629
8865
2736
7611
6963
6512
7563
3212
2327
6640
4098
7660
1106
6993
9508
7420
9891
8740
1540
2499
4458
5899
7683
2402
8110
4131
9835
7369
698
1000
4650
1301
7993
6526
8462
7893
2702
8062
184
7582
6180
2579
8732
6443
9488
3104
13
6261
1913
1497
1508
1139
2143
8935
5718
930
6490
8652
7986
5861
9409
2760
8627
4970
4052
9282
7965
4845
2250
8257
1137
5371
8102
3429
9443
996
7058
3201
5518
9037
2368
3979
1489
6815
6659
3181
9790
5378
7034
5629
5837
98
5464
411
4679
6709
5963
5200
2191
5190
9365
9227
6356
4962
9919
8381
5599
1957
1795
7487
8906
4344
8686
3095
1375
9075
2817
588
9437
2469
8601
5234
8061
5323
445
617
5788
2775
663
1668
6825
6867
5110
8179
3530
4168
6037
5356
4771
6361
3304
4200
2600
2664
4618
5346
5383
1319
9634
9022
4154
5204
7298
475
3199
9486
885
6172
2962
767
3461
2116
5151
4147
6864
9000
4883
6846
4716
5698
9192
6430
6777
2653
2433
8106
3361
9354
6450
2909
1941
5483
6375
5092
2432
7157
3635
317
787
4670
6301
463
1037
4336
3177
384
3383
3945
4504
2858
7384
8866
4854
4628
2056
3276
6985
955
6613
3328
4403
1119
5425
7627
3946
5029
4694
7825
1550
2325
1752
1406
4210
5683
1307
4245
3760
9253
9394
2101
8196
5728
2793
9574
226
5180
1688
9303
4906
4640
2288
3573
7047
1381
9318
8390
7446
1296
3739
2379
6215
3275
1758
1896
2714
5387
3988
1846
8173
4709
9306
5780
7004
5237
7281
6099
5976
4777
1186
6269
58
1251
2530
7693
8801
5510
1530
2966
8785
4523
7684
2041
3109
5023
3580
3194
3150
7868
8640
2960
4186
4648
6840
3398
8658
2840
3917
2719
1980
1087
7938
1570
8195
245
7650
3890
5943
4566
3554
8074
7984
9620
2724
9991
1440
8172
5032
6741
4095
5708
2337
9866
3892
5509
3360
8929
4332
4804
9452
8208
3043
5813
6273
3627
6830
794
9995
4865
2084
3961
4653
9648
7547
5790
4861
6442
9089
1682
3344
749
3444
8817
1242
9955
4720
2462
5666
9985
3505
1638
9797
8229
375
5088
4244
3990
8353
6093
1281
4091
7097
5455
3174
7635
6694
1814
5385
8502
9101
8908
3969
2606
6474
7041
1020
3618
6398
4303
1994
5507
4360
4103
153
994
4863
2862
1278
7802
490
2777
6487
746
9169
7191
1199
6100
5689
3342
9896
577
9770
979
2694
5176
8489
2459
8031
2667
5898
3160
8477
920
5911
7798
7117
3948
8761
502
8558
5174
9424
1723
959
4779
3481
446
212
149
101
9139
7975
1745
8641
5748
6951
4133
8894
8218
1615
3585
3512
6203
5799
8060
9654
7428
9709
1765
8975
9872
2554
2122
6548
639
300
5353
526
5159
6031
3256
3237
3780
5080
4349
4770
3062
5169
4792
429
5631
5933
5628
8635
2949
8080
9761
6628
8188
1716
3496
4324
4580
4489
185
4662
8371
1940
7143
3591
8588
9655
7834
4469
8158
9753
7964
5791
8337
1426
1147
426
2730
208
7309
2873
1181
7940
5013
3836
5379
6268
7391
8681
9013
7140
1713
8315
8531
4633
7805
3819
173
118
6516
3091
9491
6130
9445
7128
8397
9915
8013
1270
6118
823
299
3788
8464
8970
6671
3305
7830
6199
320
7819
8057
6868
2744
1926
2876
4719
1484
477
5499
1703
5426
705
9411
2914
866
3378
6028
9597
2709
4780
9732
7106
9229
6751
5758
807
8842
7851
5857
3040
2260
8999
1888
4524
9585
6581
5710
9510
2981
8965
8562
5487
6893
8572
4991
2576
501
342
3298
4830
6050
8639
1311
5821
2545
621
6483
2810
2047
4571
7790
8917
9692
3468
9544
9635
755
3930
9407
5833
1627
1432
5477
5430
3244
4931
6953
8426
3094
1728
631
335
9641
8327
5278
4299
5900
478
8547
5595
7773
8853
14
3483
6218
887
5324
5467
8915
3735
8807
6519
4663
6829
900
3523
8871
9571
4642
3898
4002
2504
9223
935
5360
8839
9356
1135
271
6648
9011
8176
2067
7129
2869
8065
3187
8873
7032
4494
7474
9951
1318
6887
965
2416
1326
9723
6612
8812
9275
8808
1259
3968
9096
130
7055
3732
7595
4506
3516
5991
3770
1382
5630
7091
7723
1506
6941
3719
5971
7154
3757
3581
5838
8113
2060
5501
4209
6973
4305
573
1523
2292
3745
4826
3525
5401
7356
2471
1509
3696
5235
9
881
1093
5968
8550
6898
9184
3599
4800
8702
7337
1528
1834
7335
8301
4635
7351
8240
148
3345
7388
8945
7269
9993
1864
7039
2252
5744
6197
5156
1538
2464
7095
654
1464
6521
6427
7500
6290
8512
7314
8100
6620
607
3092
1461
5701
8891
6945
1023
9026
2316
7452
1686
7254
7120
6177
8577
7737
6166
5678
8002
7101
8804
6209
2267
2859
8670
5776
2943
4903
6451
9121
1496
318
7721
7449
7991
4935
3789
6759
6
2071
1132
8191
3367
8693
8912
6201
231
8647
5185
9334
5542
4667
9250
8668
9814
3409
956
3336
1599
6348
6453
1173
2820
1050
4702
839
5765
1598
511
9546
6563
9337
4717
9653
6611
9903
4673
8305
931
1323
8868
4379
584
7702
5882
8115
9947
6465
8121
8430
6176
4087
5012
5165
9815
679
2632
936
1524
8916
589
8697
1332
2556
3853
6057
869
1373
7555
957
57
9359
1195
4815
604
562
9453
4088
4187
6034
6389
3858
3597
6377
8256
6665
4006
3779
5303
9300
8450
932
3124
7359
9507
8095
7976
8893
2030
298
717
8717
8824
5449
3932
119
4381
1910
2959
3075
7862
723
8251
3037
9832
722
8798
6372
9369
1806
9065
7472
172
8445
2221
1641
7057
8913
2179
8091
8642
146
9310
5084
7707
4701
275
6544
7844
1157
9695
5830
6957
5521
1712
9575
3101
9762
1702
9593
16
3907
8721
6004
9024
5908
1400
9182
6472
3131
1746
7911
1804
5979
5704
9980
8962
5878
126
6907
6582
3434
674
1491
4501
3699
1220
7300
9625
6886
1045
4143
2783
1365
7220
6412
349
2663
5328
7082
7243
3763
4740
9859
4073
1438
5593
1098
2106
3400
2274
736
5920
8360
3018
3209
5223
544
4333
733
1908
5181
510
8579
8892
3630
5618
4822
8412
1089
3522
5351
2237
4043
3459
5850
9235
5902
9989
7903
9624
8903
180
4354
4762
5254
1881
8438
9339
6740
9063
7823
5715
7814
1416
9402
4783
2509
9408
9248
4551
1338
4862
2766
8299
5816
5725
6448
1873
886
2324
9860
4431
188
9754
4438
1260
9417
3243
4503
5818
6311
9475
3284
112
8473
9821
2503
6897
4040
6065
1383
3557
314
8216
8825
6809
3329
1901
9677
9198
9562
3393
9256
543
9471
1299
6585
1608
1343
7052
6788
4495
964
8676
7545
5676
579
5874
9816
2118
2948
8564
202
6263
6906
4834
462
4910
5049
9769
4681
5808
2691
7615
3208
8223
944
4486
8977
5238
7645
32
4293
6357
8696
6383
4399
4338
8665
5575
8983
7916
9786
2654
8018
7771
738
122
1586
6942
8649
1408
1007
2484
6896
2971
8144
81
2739
7204
1116
6240
1052
4227
2308
2014
8417
8610
3515
3561
5652
79
3799
6473
1322
7618
3395
5011
7887
6417
1142
5569
7945
9067
7878
6502
5863
3299
4385
3376
4169
5615
7688
2077
8447
1447
4482
6297
5964
9875
9355
764
6438
593
7355
2256
5500
7200
8296
5891
4487
4246
4190
2066
6800
7252
4747
8419
559
8931
9006
6378
1402
6841
3647
2737
9853
8803
883
3448
9900
4543
1636
354
4998
5895
8466
5139
1594
6145
740
4911
7696
4909
8760
8809
67
6537
5019
1152
7230
8279
5981
3235
5410
8769
3509
8209
4936
5125
9188
4615
2905
1782
2442
2146
8210
8539
5682
9766
3048
3528
4764
43
6561
3751
6353
1928
1079
8128
3301
3687
9813
8940
8101
8784
383
3241
7385
8949
3837
8394
4278
6975
2964
5644
9768
929
3658
1750
2477
3997
2854
3873
5606
8336
4308
9744
5503
9352
3810
8273
3480
6133
5469
2710
3446
5885
8334
8510
8763
8799
1248
2870
9638
8739
2058
4176
9149
476
879
9186
8427
773
5687
2927
9147
5667
8705
6929
570
5768
7968
195
5929
8131
2
2301
6850
8653
6194
596
2095
8767
7697
2829
3368
4749
4325
8823
790
2486
8307
1472
1401
6115
5620
2848
7343
2007
8439
3881
7099
7138
379
8249
1628
3396
9033
4356
5887
194
5913
8064
5218
7622
2330
4094
1092
9347
5540
1778
5291
457
2415
5077
9569
8688
9391
1306
5442
9686
8093
9563
3157
9973
2609
6808
5754
9672
8776
7231
1336
3833
7559
7135
8213
3330
6366
8505
5803
3282
5936
9420
8729
9623
9017
5443
9601
1559
8046
4285
1948
222
8352
3769
7202
2603
6510
9088
87
6284
9016
9840
4769
4606
9377
7514
8521
3359
8205
842
8701
8779
8291
2846
7905
6747
1334
5624
6454
9556
5355
2527
6763
8994
2690
3624
6847
7318
297
9956
1409
2377
5479
465
1920
3225
1762
6535
355
4819
3648
6852
2470
1907
6745
9458
9316
4805
3046
1800
7263
3472
8012
5453
4930
6755
8777
8783
9600
6265
2140
3967
8442
7078
3657
6446
1968
6128
970
76
926
7050
9687
5947
3163
651
3486
8022
339
5225
1766
6294
4672
1852
1665
3219
4876
2091
7264
3158
6256
7277
2257
3737
8000
265
3871
9640
7763
5344
1014
775
3253
9637
2039
1059
5350
5549
5740
8503
2093
7679
4447
4918
9097
3151
5843
6063
7238
5763
3228
8936
4954
8221
9675
9271
8967
4468
2038
5439
1890
6481
4433
7876
2697
5380
9906
8594
8570
8222
3166
7168
3250
8177
3642
5081
8028
1429
8228
7112
8375
9520
7316
6879
8624
4041
678
8933
6881
6317
5480
2808
1645
4315
6655
9278
1763
4531
554
7624
2660
6049
8950
8692
8990
9454
6322
3144
3286
4732
7329
5045
4231
5408
5433
409
4741
372
810
2032
6140
7621
5072
3722
9166
5639
1502
7778
4194
1860
3152
3843
3086
2887
6806
8346
8554
9514
5249
4643
5001
5459
1349
276
9963
258
4290
2342
3607
27
8535
7232
4481
1735
6621
1478
9279
1247
1095
5374
9069
5145
1924
4547
5526
7501
6489
3697
1080
4562
4430
6384
1613
3076
4027
5699
9725
4402
8151
8841
9315
3901
6817
1754
1368
2429
3010
4
7344
9678
6861
5944
1966
2644
7334
3053
666
391
9938
9332
976
3133
3916
9176
9697
397
7272
9435
2440
1308
5256
9775
9468
2586
4675
8850
1931
9876
546
5888
1522
6859
9470
5406
1446
4071
7640
9622
1978
1051
6342
1499
9263
3700
953
2621
4754
6770
1024
214
9364
9086
4055
1256
7551
1755
6424
8630
5258
6374
1367
1661
828
843
3388
5773
6608
7394
4913
9203
7884
7980
7694
9537
4471
8831
7221
4234
4728
1287
2006
1032
8367
4784
7578
3610
135
3794
1225
6573
5142
9350
5382
3288
5389
5712
1899
3245
8096
3213
1871
5261
3006
7118
5533
8192
1177
5121
4773
9302
5636
646
1167
4029
6909
8806
9036
7515
6287
5686
9175
6793
9559
6418
2491
6754
1818
406
6700
9085
4226
9670
8748
2643
610
7508
1193
3108
3918
7270
6631
1148
6431
3375
1618
2936
2423
370
5361
2832
3629
6542
2593
5881
7354
4069
7985
6030
9547
4461
7770
5675
461
4021
9918
713
2228
7524
1909
2845
9525
65
8589
3363
9216
7597
3861
2898
4869
2378
838
492
8170
1548
40
2958
1435
7381
2827
2169
8628
5130
8724
7935
7653
527
5348
8796
4621
7755
7654
9179
3005
5015
2284
9254
8053
9889
2925
2364
2807
2138
2933
1112
3495
4359
7285
3864
2683
6804
345
7816
2160
1900
7265
6504
9716
3033
4507
5787
4396
3995
6045
6681
9580
6336
6002
9129
4827
5250
7259
9005
623
6863
7572
89
2005
8661
6980
9868
992
6083
2623
1898
7405
9706
442
7665
3622
353
3170
4904
5711
102
9305
7872
1606
6143
3498
9183
132
1676
7282
1442
1759
6674
5427
2426
6232
267
4536
8922
1655
7678
5020
1445
6944
3572
1194
7153
826
4963
6329
3869
3257
5431
4237
9904
5749
5612
7725
626
244
7616
909
3640
4661
452
8622
6333
4965
8281
2830
7519
9267
8231
8139
1995
8605
8743
7957
7187
2409
3268
3655
6762
6797
8634
425
9612
8540
2619
9793
7612
518
7800
2235
3942
7602
1803
5693
605
5774
8284
7186
8056
1179
1420
9779
9375
9541
8007
7608
7560
5897
7346
8479
9811
2023
8857
3891
7607
4328
725
9092
6062
9374
2017
3365
4872
8020
3432
9197
7348
9142
4350
803
2367
6313
9730
5288
6499
9863
709
3805
1542
8380
2712
8683
39
1737
5793
4076
2665
1198
2422
8212
7661
3107
1386
2978
5098
3872
7054
4480
6623
689
1130
2601
9595
9765
9944
3121
4255
3464
1084
2973
198
5966
5206
9742
9413
4171
4454
8834
962
1337
2773
5645
3944
1234
4172
9970
5985
1476
2675
2029
3738
3774
7505
9606
8646
6704
3261
2528
2198
7250
7056
3153
4698
5871
371
3978
4836
5027
5144
3136
8840
5463
3408
9113
2015
5950
4028
966
1816
1467
3289
5004
7742
2535
9376
7526
5429
443
9621
7141
6927
4723
9018
4941
6081
2081
7710
7408
6547
9657
7794
5450
3180
3214
8750
9509
1721
4535
1058
8168
4242
5846
4115
3712
7380
2701
8987
1937
2685
5221
9925
8428
4763
4252
9784
2278
7273
1825
8996
3025
6236
9617
239
2472
1635
3265
6227
5102
2387
4977
3638
880
707
5859
3778
7076
9609
681
5127
2161
8566
4057
5562
5550
4150
4765
6480
3125
8187
7484
1885
863
3950
3906
9145
6639
7485
3510
143
660
7476
9406
5066
2334
815
7364
8440
4341
8163
8655
5876
7713
553
7299
261
7089
3412
7365
3220
2972
5198
5847
7875
7427
2997
8005
6814
2127
4802
5082
1153
2386
5293
366
4929
9558
528
4549
7667
9363
9215
3207
3050
479
3322
7375
7929
1983
7948
219
9362
539
832
3140
9130
4101
190
7327
3277
9341
3568
3807
3724
6783
7999
4496
5411
1453
4539
8169
7963
6103
2359
8560
7467
4238
1955
4034
7812
7158
395
9293
8599
3608
1725
262
6677
2408
6459
1917
5502
5416
8820
1068
1355
7636
3441
4485
3801
9015
2354
680
822
2075
7715
8069
9705
2823
6289
3093
2941
5844
1441
2607
5640
1085
5967
5481
6869
9020
3089
484
9983
8574
3929
676
4198
1118
4097
4674
625
2427
9579
6774
5917
2923
8878
8864
3070
1783
3878
8339
9093
4102
3503
500
3334
8621
3952
8175
3783
8321
4072
1882
7019
3008
9043
5400
4182
9671
8124
7797
7522
24
8632
6546
8032
1828
4829
7949
4726
7992
2547
2837
6533
8731
1427
7860
8525
6060
8084
8648
7248
444
9795
5584
6865
1604
6072
729
2082
3380
3855
4565
969
2184
4613
9351
7406
9157
9789
2983
4281
3449
2461
8059
3598
7787
6874
6344
8663
8001
2003
9649
4737
4660
5681
3027
1706
3000
2393
2109
7219
7373
289
8481
4019
3620
8045
3939
2651
6912
3117
4388
4378
9978
70
2843
2811
5298
3236
6511
9858
4908
9440
5189
1582
4424
9326
640
2518
7630
1504
7605
4984
8383
5880
1197
8519
5486
8263
5171
7368
1421
6922
4699
1298
4148
1487
8720
7779
4691
7433
8921
1637
7704
4838
5783
5921
1536
5075
1693
8678
83
647
8775
2784
9587
3340
5021
1136
181
9698
6966
3603
6720
3098
921
3667
9757
8515
6724
2339
2908
6633
9667
5349
144
7652
7629
3539
2215
9398
179
9664
5457
9529
6285
5977
7372
1603
4216
9150
7400
432
1809
7912
3204
8003
2625
6370
9449
2557
5611
4715
2272
1678
6006
160
6807
2065
3749
2883
7426
4683
8297
7914
95
9722
3970
5000
7731
178
9010
9228
1250
8592
2403
5205
7174
1389
2692
5786
7455
987
5061
4561
824
9771
6577
7574
4511
3443
2436
8294
1498
9632
2180
7829
3784
7239
5438
9935
3532
2018
5905
8474
572
319
9103
5670
3036
8309
242
3349
4206
5953
7953
4776
1143
7103
3526
5337
3078
9836
6025
1042
3685
6320
5040
6590
9735
7042
6005
8118
6056
352
6458
440
9289
8675
6173
5996
9499
5965
4384
285
1405
6033
3818
5264
3911
6293
2457
8651
2089
2453
3337
6693
8015
8475
1191
9933
5603
3034
9366
9425
1796
4280
6645
1025
6239
9038
3601
6160
8356
2358
315
4541
9074
7003
3709
5525
3191
1923
6154
5099
5665
306
3314
9415
3971
5512
8711
8268
2369
1541
7511
4134
6940
4590
9958
844
9500
7266
7216
8384
7512
4251
3879
3035
6539
7352
4457
3287
7071
291
895
6257
7845
4637
6984
9884
3947
2957
2000
8888
8070
5482
4475
1563
548
7245
2451
2559
9576
3895
1448
4410
9170
9414
1934
1379
4307
2287
7988
7749
3435
7030
5097
7910
6603
9314
9707
3677
9321
1945
8260
530
606
2561
8988
8269
2391
3234
4015
5862
8026
4327
2520
7092
1070
4772
5079
4455
7861
9566
3582
7280
6307
9456
2475
8629
7360
632
3266
4224
8795
718
3949
1911
451
853
4513
4130
470
847
6987
6168
8595
6819
1895
356
7482
1826
3756
1649
5341
4435
8875
4282
6164
8454
1224
6152
7294
9439
7898
3798
4314
537
1642
6138
9676
8083
9434
3698
5511
5122
3782
4331
1449
1371
1470
3874
7846
5364
6191
9952
1914
6948
4262
5043
9908
2115
1904
9187
2182
7703
2805
1581
115
4797
7206
1064
9572
8063
1327
8885
8860
6137
1062
136
1267
6112
1284
2707
4453
7874
1210
9953
8524
7036
7568
1965
8972
6286
1346
3456
38
7017
5812
1623
3123
304
9492
8581
3406
525
3134
1324
6891
2521
6979
3877
4141
8331
312
2064
1264
7261
4647
4329
1185
6834
6798
2430
592
8498
2758
587
7854
7070
7156
5435
3965
5937
3045
1572
5919
4405
8453
4286
4178
9988
4232
2466
9937
430
4584
108
3132
3750
3560
4010
4164
3497
3319
2569
7637
5515
9981
6179
644
9759
5369
9283
8583
6153
9550
7031
6574
2942
3552
6765
2289
2563
72
2148
9694
8038
4809
8998
2549
8094
5113
8527
3042
9673
2121
5607
3513
1687
2502
7855
7504
3210
9231
9885
9346
415
389
1295
692
274
4440
9233
7196
8107
6696
8679
428
1718
4484
5672
7308
5694
4967
4197
6974
9051
7832
8880
6080
4619
2767
2968
9496
9082
5690
3173
3203
3777
6425
7203
1847
6936
5203
7310
6626
2202
1231
5746
9830
9578
576
7336
5173
106
854
5196
2497
8423
5523
4870
4907
910
2493
9029
4798
4427
7793
5405
1662
1048
1457
8117
3562
3558
8896
6986
2826
9045
5232
1960
1880
6363
280
6683
5604
1133
8598
2456
9297
7614
5995
5352
2801
7946
9330
2851
7179
1399
6744
2938
6155
9873
4470
6492
420
8361
9851
6157
6593
4025
2383
4051
4491
3715
6572
4752
3893
3747
7871
9381
240
7349
5831
743
1786
9419
4118
3553
7073
7218
8190
2976
7114
2247
5567
2688
8745
8816
8162
2010
7955
8930
9299
5466
8114
5432
5942
6795
2896
1527
6718
2992
8603
4257
8472
2512
9312
788
6678
9180
6207
645
8239
7199
8289
469
2295
6394
1443
6810
4671
7806
6485
3410
5820
2132
3364
4407
2482
6731
6014
6882
5476
1369
5598
9012
3578
4112
8832
3883
8706
6913
3734
1345
6992
157
193
706
6019
7211
1150
3547
37
2594
9390
6282
4782
4263
1417
6462
1352
509
536
9962
6277
6991
6061
7461
9053
5634
4560
5781
9345
5362
599
1844
8406
4638
4796
7175
2515
6000
1054
3793
3912
3923
8203
3436
9844
453
3224
8673
7292
5058
7716
1039
9561
6146
6254
7943
3106
9489
6270
4477
9838
4287
7708
6475
4581
6373
1200
2449
7180
5987
9333
5188
4421
7676
834
6602
6219
3812
9264
2671
9054
1076
8418
923
1128
6653
4938
2072
4978
2370
9268
9428
5926
533
8528
4292
4366
9319
1552
785
4298
7604
5231
9839
7928
6250
4595
6071
1574
3300
661
7909
6302
4525
166
9412
8542
8932
9436
9265
1459
9014
6636
9910
1977
8455
1689
279
3977
235
8719
8715
7296
8441
4225
1397
3768
6087
7150
7038
46
7159
8699
2995
9907
8058
1500
1105
8326
6580
2417
2046
3193
8766
4490
7401
5036
361
3280
825
1235
8470
2955
5713
6888
6015
5334
1791
3311
830
2589
5301
2399
4302
3440
7529
3184
2570
8755
8829
5514
5342
266
9788
2277
2864
7543
7491
5761
394
5605
975
4821
6032
5
2611
7810
4376
9746
7251
9523
5594
203
3422
4512
8166
3611
4174
8467
2008
3188
8460
4442
7956
5729
6021
7856
5312
6456
82
4712
695
1313
6673
374
6717
3865
373
813
8125
3809
565
1463
414
6070
9327
5296
5952
1424
4039
4013
2740
7084
3868
6278
4165
6769
2204
4748
1501
5982
3023
8105
9144
8135
6564
496
4432
5300
2085
8154
675
2552
2544
7324
4297
4335
1249
8833
3787
5556
5114
5753
8981
2850
615
7424
2357
5654
8944
8157
307
1005
3320
2086
4548
1398
1214
9392
8275
6051
9584
9669
9966
1347
6596
3430
3962
5178
2396
2154
9474
4279
5192
8862
7139
4230
8288
6947
114
6341
1845
5287
7913
7836
8600
520
628
1288
1154
5544
5026
5461
7195
1767
8826
2411
2297
3714
8194
8966
2637
862
393
1525
2791
6618
2255
4037
7820
6845
4813
9126
4060
480
977
6566
3679
93
1237
3499
7015
447
4476
3405
9674
1775
9688
4283
4843
9807
8302
7488
852
8805
1074
2375
9119
1090
9247
493
504
5755
3238
5646
1166
2511
4925
7610
3351
1817
3318
5903
6758
672
1554
4937
8351
9154
7177
1799
4982
9975
3899
3167
5493
2372
8616
9322
950
6216
1096
1595
9598
2745
2218
9083
9690
8141
7370
2990
8368
7848
865
2924
8317
8214
2418
1006
1164
9348
2956
435
4473
9427
8952
3458
9138
2057
827
9898
8050
494
6468
7392
1439
7502
4016
20
5574
7776
1593
2838
6225
840
846
5347
4382
4294
7137
4026
8047
7619
8324
5529
9432
3736
2479
4269
814
4274
6686
6862
7867
4680
3310
8303
7628
1385
7930
4400
2270
2524
5572
8709
8500
6354
5034
2634
5886
8752
1003
641
9274
1859
2210
6298
5419
6364
4250
256
6461
6705
2677
9856
1017
9551
3762
9629
1876
6650
4652
1436
5448
7473
9370
9071
1122
1989
5868
7786
7347
7751
6921
6129
2149
9237
876
2035
9528
701
9945
6600
1460
8310
326
6171
7417
8217
2729
9041
4945
5153
2051
9997
8276
2893
8830
5396
8852
5717
2615
5777
8499
3651
6391
7469
9395
7009
9151
6554
8220
1211
8926
3366
3721
6452
2063
4890
1780
748
9828
1145
3927
7670
2405
7895
1821
804
3374
4391
5148
6376
1207
5292
4161
8900
5105
4261
8266
4478
8727
4422
2245
455
538
7126
424
4686
2074
514
4690
6607
7407
2170
8136
1395
4611
8075
4156
6730
9058
7468
919
6346
9044
5162
5771
2450
4446
1454
5471
6872
903
4107
7507
6968
7689
9320
7163
7573
6894
4119
918
7074
80
4319
6159
3514
6447
5418
7222
3713
4603
7923
2240
3189
7046
1832
4964
1222
8684
2338
6946
1
9972
1187
8055
3693
9367
6811
1252
1325
2258
9645
2176
1567
8623
4330
5589
789
9049
9700
6624
5948
4256
1999
5472
9221
7764
2539
7315
7777
404
888
9831
3021
2251
7013
3084
3672
7410
6183
924
5230
4423
6954
163
4882
2578
9399
5954
9001
6381
7465
5415
4146
4345
4192
878
9009
5960
898
5508
6748
9663
6713
2906
7339
758
1770
4856
2558
682
6656
6899
5343
5770
2208
3909
8274
7552
8004
1640
2638
3960
6161
8421
8953
1887
5679
1268
2895
7700
3963
8424
4841
2454
9481
2194
8235
4552
9464
6122
3013
9460
2907
2044
7858
1451
5028
8283
6349
8199
454
6594
575
7172
6836
2413
7722
2438
6928
4722
6977
1947
4266
1515
286
547
6331
8509
1350
4556
4620
5338
6914
3791
622
322
3424
9512
5404
6316
4082
1233
9410
401
8741
5297
8174
7430
1531
2523
8695
5557
439
9902
3980
3758
7066
6826
8456
6414
6778
1650
8160
1889
7425
6652
5167
5585
1583
6952
2307
868
6614
2195
191
8902
4126
6707
84
1121
2816
309
7580
2217
2946
5671
21
1915
8707
5568
3230
7283
128
4212
2747
4414
232
1866
3397
5199
489
7275
7260
3848
8491
3827
727
6382
1839
5182
9990
8041
2102
422
68
147
9358
5108
4211
6169
6792
5336
5860
8232
7454
9137
4505
1733
6749
3217
1103
9971
2473
9560
7765
3227
6557
2587
3822
3306
6196
7795
3463
155
6224
3192
5637
6615
7403
5475
376
7007
7567
6679
9136
1196
1245
2881
2004
613
1309
434
4001
7739
7585
8137
5892
4291
1634
3935
4375
9596
8219
1546
792
9964
1694
6416
5731
3981
6916
7119
2828
2406
9477
8278
9665
5684
9581
4916
1075
2200
2656
5184
441
4988
7897
402
5563
6096
1236
8078
4208
4342
8660
8575
4656
7136
6010
2612
3111
2844
1217
284
568
4411
1425
945
183
6567
9819
169
116
1204
96
9200
3922
7493
978
4629
9590
3211
8969
2151
9343
7389
5265
8645
9708
4969
5832
2474
2940
1620
683
3915
9946
1485
5440
8156
8027
7701
4395
2124
8523
4550
7087
8108
1475
1946
3551
66
4623
6527
2269
3921
2153
9277
8379
6086
1792
2414
1304
59
9032
3671
4445
8722
403
8376
8691
7542
8615
7562
9631
507
786
8382
9548
192
3584
6701
4358
1134
3718
2678
5391
7982
1230
3067
4004
3565
7958
5370
4751
2145
714
2790
4124
1639
134
2967
6890
897
800
8183
241
2398
9713
7695
703
4188
2094
6439
7167
8532
2915
9401
1609
3246
33
2735
9628
4859
4888
1798
8226
5535
5614
1951
5213
9608
8951
4035
1209
8507
3535
8544
850
614
7413
8497
7267
8985
7108
9226
5414
9772
4868
6221
4601
5588
4183
2059
3984
7962
3186
5750
6315
2762
2211
6352
8943
6213
9389
6950
6467
1290
6997
1513
9516
2818
471
4902
6716
3670
9668
8526
45
6267
6828
2534
8036
6870
611
6684
436
5412
3482
5138
9497
5227
5470
2903
113
4483
5726
6625
5986
9034
5724
552
7146
3271
5924
4578
821
4233
3925
9212
1418
4557
2363
2996
7289
5990
5747
7921
5376
1776
8452
9335
2424
9048
6328
5275
4844
6799
3294
2460
2222
7185
9056
6734
8770
1026
34
9553
517
5002
5035
6182
6314
521
8867
1739
3172
4063
1535
2711
7253
4917
1952
2982
2877
8956
4181
8262
6085
4500
5789
7606
7045
2661
943
728
2910
4713
6260
638
3992
8889
2945
7130
7997
1964
7813
5485
3346
1588
7866
5193
1384
9109
5551
7896
6959
643
9940
6410
7022
9002
782
8198
5564
5428
213
4753
3654
1656
3626
5183
9987
5133
6735
8164
1293
8066
9602
9421
8555
6433
8899
1021
4692
7647
1811
8992
8493
9122
1113
5240
4404
2602
8617
580
6476
4823
167
4214
2888
1921
9108
2152
3665
2835
569
8713
7587
1109
7592
5051
9806
1543
4393
4733
8708
9220
2348
4408
4313
6543
3550
3049
2802
3637
9949
3659
9710
6964
6756
971
8643
6609
1126
2401
9055
6306
9080
2048
6359
5531
4058
3815
6691
4927
6813
2574
5219
7753
6367
8
9854
4020
7079
2759
1719
3096
7839
9116
5257
600
8872
2770
2305
4334
629
223
5368
332
5548
5135
6280
3588
5696
6223
3850
8401
908
7873
4158
3447
4730
9112
9570
6738
6692
2468
1077
405
5357
7807
8876
7675
1511
8123
5980
6515
670
667
3964
3716
4814
5638
293
8487
1060
129
5879
7803
6923
2599
595
5345
3681
7051
9110
2163
206
6244
2861
6386
2389
4137
3669
2546
3748
6666
7890
8541
2513
1458
9605
2616
2954
9353
9118
2231
325
4579
6189
56
7933
778
2042
2975
3937
7733
6685
5310
1685
8449
2722
5815
6915
6238
2306
358
5038
8726
9926
7176
6892
3863
9515
7530
1813
6001
2721
7566
9684
1808
3332
6241
1773
2335
1841
3269
1175
2055
5116
4853
9954
2629
8828
4867
1591
7002
2242
9361
9711
7304
5330
905
7240
7028
7888
1905
6932
2407
2213
7919
5444
3143
5957
7557
7436
6856
4412
5141
4078
1777
4267
967
4357
7481
9465
3051
1974
619
1605
688
4347
6541
1674
8165
3742
4295
7849
8909
9338
912
4479
9262
1897
583
9855
9843
833
3797
4678
9450
9969
9081
7632
5339
730
6228
9998
7258
6654
3090
6775
2506
2700
1597
8602
8111
2220
1622
6647
5852
2939
1481
1046
6803
4301
7115
1055
7970
8052
2874
1482
567
3994
4569
8202
3242
6075
7225
61
9871
1180
4775
8098
396
9886
1710
2769
329
2999
8316
2314
6013
4842
5252
2857
4079
3493
4928
2296
3323
922
893
8076
3445
1715
2034
693
6110
9068
5536
105
1083
665
3215
5365
1205
1684
7972
7332
6144
3821
8590
2734
1959
6016
8827
5208
6513
9241
1918
8345
1802
796
7278
7774
4706
519
7891
9134
3577
763
3717
5733
1663
7865
5680
4108
2371
2315
8565
8768
4273
4833
6400
9393
6630
5597
8267
6599
7746
3931
5889
6672
2794
6930
4997
1820
6437
3274
6956
7151
4689
8248
5131
772
7072
990
1624
829
9461
1805
5132
534
5316
657
1110
2584
5553
2750
7584
3479
9004
9172
2726
3600
1257
6466
1840
2134
1047
791
9948
6455
2144
7712
9397
1479
5262
9586
2897
4253
2551
5214
5805
7432
9986
6308
7546
4665
5802
2543
4950
3240
1396
8559
1571
7037
4343
7648
4031
2291
7600
6205
7809
9451
1276
1534
5695
3141
3521
2682
407
4138
5149
7672
8494
4099
1849
5524
6396
2875
6786
6281
3519
8495
696
8626
8400
5643
7732
7900
6097
8818
7954
1354
9740
168
753
7246
6003
5373
9611
7748
1711
6772
1320
2548
5547
5272
6989
482
8925
1029
5101
8085
3414
3069
6098
3996
2921
9152
5407
7922
3226
4577
9457
224
1512
5039
5166
7453
1575
382
618
2227
508
1587
3534
7691
6084
3546
123
9968
6768
3044
8959
2216
6387
7533
2872
8490
5767
1644
9652
3951
9292
400
1013
2803
6644
5161
7228
4696
3438
3676
8142
5259
7183
5959
6996
4104
602
6910
4725
5112
6040
8934
1310
8318
6729
3847
2987
8552
7165
3122
1469
4074
6109
8844
3851
9747
7564
5775
8436
3729
8323
603
7227
3613
7811
5175
620
7768
6404
2283
1848
5212
7353
1176
4639
3726
4588
3800
4362
4948
988
8556
8037
6399
4974
3369
8522
4519
7271
5734
6939
1878
5904
3155
296
9193
3897
4745
2262
4803
8182
2890
1906
2882
6119
4636
5280
8413
636
6252
5010
1671
1244
4144
8306
2672
5720
5505
6832
78
3619
9613
7833
1831
8571
6248
7033
2706
4626
5395
7100
4864
7882
6712
7024
4793
8898
9387
1030
3178
9767
8746
2336
3182
4697
8843
8311
6676
8293
2812
7148
2786
1815
9824
230
3433
5164
7673
9426
7111
4987
1188
5047
2532
2928
3077
4488
6606
8349
6858
5795
5591
2128
4599
3297
9691
3179
6009
3775
7843
4787
3260
8633
2774
8836
7498
9636
8973
1262
1043
4310
4429
5268
3457
980
5785
3511
8538
4892
4235
5096
6444
8127
6638
2214
5332
4247
215
6076
1360
8738
8444
2012
4866
7162
549
4436
3283
8870
324
4241
9932
9934
5118
9030
8099
894
1990
4795
4900
1677
2984
4050
3941
2852
818
1036
5554
7497
7669
5497
5251
5331
3856
210
3517
561
5546
3596
8369
5822
6077
3972
9132
2036
7463
8734
2649
9827
1521
4465
6321
7899
3806
1862
4651
5528
1704
1630
9741
7303
8389
7656
5922
3205
1271
2196
5335
2162
1468
5399
5578
9244
343
4450
1789
4047
4373
9328
8298
8991
2165
5354
7952
2190
708
6662
1984
6036
2390
2761
5140
8764
6934
1434
8206
6642
3068
6167
1925
4439
2350
4901
8432
8514
5285
1553
1492
4889
4960
9087
7040
6849
7690
2841
7588
5736
8357
6746
4132
9255
6500
8942
9749
4837
3691
1437
1390
5375
8230
3976
3494
819
4828
5527
3666
8884
5424
8976
5673
4789
5460
1265
8242
4835
7847
9646
6698
7116
798
8578
2780
4191
4003
1303
4768
1344
9979
1364
6699
2577
1488
2054
653
7439
946
3362
2322
3920
6971
6523
3870
6565
2263
3998
9773
515
127
2286
5702
5700
3413
3690
2110
2126
5270
7208
6111
236
2309
6938
4632
656
6303
2238
399
8416
3733
8941
7124
7121
851
7397
4654
8338
6545
2192
1473
6340
6589
6091
5743
4136
4609
1958
6556
287
7744
1353
8359
6055
4794
9285
2480
5658
9818
2361
9062
2989
8534
6823
7371
7781
1286
8023
9699
8703
8848
4976
327
9783
4953
5674
867
9594
4622
7290
6884
5326
5071
3678
3059
8461
4850
7581
8508
9162
2796
1562
5851
5993
8814
6505
6054
5829
4204
8328
1031
9920
6131
2323
9060
4370
3767
8961
5866
6737
8033
5302
9388
3616
8753
243
531
3646
5327
7747
7783
9155
60
495
5087
8847
4521
7692
2636
2788
6576
4530
3566
6528
7164
516
2662
7142
9878
6708
649
1378
4406
7064
3544
9801
2608
5274
1370
7996
9511
8822
1697
4840
7680
6039
6994
9416
3772
4919
7827
8904
6962
8573
8568
8237
2867
1670
4086
5565
4228
6185
2318
7971
3814
1616
5452
4077
3390
6507
6184
1144
2696
8048
2988
6435
2741
3130
7205
5906
4061
1938
1997
5115
1314
7537
9880
1785
9438
9603
6275
4038
4048
8881
5295
3993
5320
7920
6158
1428
1736
7818
6904
6503
7639
1516
664
5561
9206
7189
7664
933
2239
3088
4270
3020
9588
8122
1361
3485
2699
6445
6330
1643
7657
6496
5494
7886
5398
805
7950
6393
2293
7756
9236
2588
2374
5033
8422
2419
7894
6668
8446
6371
1549
8758
5656
7974
1351
9834
8043
1474
5317
5918
6046
7698
8150
3661
5478
3507
9659
334
4816
8800
958
9039
8270
1810
7065
4666
7451
9607
9025
9148
1403
5318
5147
2099
3792
4915
7518
7402
294
5570
859
7027
2538
3983
497
5062
6271
2016
8308
6092
5951
1444
6597
2112
5865
1002
9344
991
7904
6719
49
8250
3540
8591
7319
4145
7466
302
2865
249
4142
9127
2618
1561
9217
6943
9861
5894
5811
6405
2716
255
6591
2353
3556
1894
3688
5543
5836
350
7390
7223
3233
330
9756
1480
5722
8265
2340
2993
8964
9555
7395
218
4219
7517
4788
4474
3162
5825
8854
2412
816
5041
690
2279
8280
9431
808
6739
227
6288
3533
776
4896
9619
3196
9758
2317
3239
3229
2627
5281
8300
437
3149
1633
6538
2792
52
3900
2096
3488
1660
1028
3803
2070
560
2002
5841
459
5168
7625
5091
8409
2080
8772
4755
6082
9696
7415
8029
3419
5766
5222
9003
7005
6760
6935
4534
2185
7224
7132
7053
4818
7330
5558
26
7241
3103
4817
4559
1215
7506
6509
1757
1756
590
1082
7155
1976
4855
8518
6667
3786
9923
4372
6259
6649
9626
2727
1912
5243
6090
9202
6752
15
5873
2531
545
8286
7441
3571
9422
2439
7761
2631
891
7383
597
53
8890
4594
1494
2755
8669
3291
7528
3761
8611
5974
1589
633
6368
3840
3026
1836
7431
7147
1753
487
4646
3838
1061
4464
6208
2447
4389
7331
1602
3071
7320
263
4205
4306
4922
8910
915
2565
4139
7734
6035
5928
5044
4939
6027
4472
4492
7006
802
8362
9072
9021
983
5437
9513
7443
7599
8180
1450
1732
856
9190
6629
5601
9881
4703
2765
3725
3110
8677
7113
9462
1675
131
199
1266
6094
7358
7915
449
292
7190
5393
5245
3849
6617
1141
7490
9532
7901
162
1269
9405
6549
4317
3168
110
5089
8682
5052
7591
6415
2312
3442
904
7788
3586
2155
381
2380
3830
925
8295
1646
8087
410
9810
9977
5358
6534
3255
1253
4981
7784
6848
1297
4075
981
6835
3711
7458
77
3019
4739
2282
5064
1279
5853
175
9066
9222
8348
3541
3327
270
4117
5969
176
6429
5978
6555
4879
2553
3206
6725
6498
6105
3202
7828
3723
9478
5583
5659
1465
6601
8197
499
6579
3795
9743
4184
7083
1648
1462
4746
2731
4053
3058
3292
6078
9650
9120
9781
3583
1272
1843
1129
6837
5817
2079
8227
225
6428
737
4135
5941
3431
4820
9225
9128
3249
939
3835
5194
8143
7586
9905
7043
7301
6610
2720
2097
3421
9847
8563
8667
368
3776
5422
2197
1111
1376
2352
2944
1483
6385
2444
2232
5809
3373
1611
2571
2963
9123
7978
398
7210
6102
1208
282
6616
5723
7145
890
7717
6255
6088
2969
9204
9240
2120
5054
1404
3195
871
4958
5322
1566
7409
8735
2193
5201
8372
1993
9849
3913
6319
9865
1072
1414
7925
6178
2624
3307
9599
8119
8620
3653
6661
295
9270
8694
542
5210
3462
3129
9557
2961
2505
8883
7917
2455
1626
8546
2271
4346
6933
3252
3420
1653
2645
5545
156
6230
1161
4942
4790
7544
2009
5560
1169
3085
5973
2463
2889
9921
7780
6972
721
9095
9161
5647
9928
2133
2025
2952
609
7311
4657
1761
2381
4544
9143
8264
1073
8425
8089
3407
7105
6126
6292
8506
9857
2011
7448
8946
4309
4880
6831
363
7338
3867
4201
4738
6211
1339
9234
1565
4011
8886
3001
5216
2050
591
8035
9476
2001
5714
2347
3587
2526
9942
6660
5056
7411
8332
9683
2815
1413
6479
311
6326
55
2605
2158
8815
5186
1063
6955
1729
5939
6272
3401
9208
1742
3828
8821
3273
9545
2022
9099
7152
6310
5984
9862
3055
8537
9984
109
2302
9459
340
2776
3633
4260
9194
6785
9485
1011
5826
4322
4272
7235
8132
1366
6587
5849
2261
9760
3105
6339
6335
4996
5158
2159
1869
5962
3857
7326
697
9023
7977
9232
1280
7279
3161
8246
6149
3908
5090
2879
948
751
433
5688
6047
5286
9799
8778
2655
1787
4881
1619
2201
7362
6074
3854
8482
2633
6726
884
2187
8851
6360
8788
1120
9967
9177
6710
5093
2172
6245
566
1944
9887
3176
357
9146
5179
9061
3394
5016
7681
6646
3834
4093
8314
3489
5309
2178
8700
3790
8054
5253
3371
9094
200
5839
5856
139
7313
4598
2916
6101
9165
4993
9714
934
3074
8207
7633
6406
7646
9323
4914
9378
7404
5152
3702
9070
88
9059
6249
4339
6568
4538
9916
7617
1877
4121
5506
1612
6876
321
8924
9639
5609
1477
9736
9484
3183
4943
754
6920
9992
5801
8014
1760
5055
7838
7571
6327
2365
6866
6188
7853
2394
8516
5484
9817
1285
2970
4522
7061
3057
4213
7000
107
1151
6641
9276
4886
4533
7305
6721
1584
2125
3903
5530
408
4394
9181
8469
360
4120
6422
6714
4248
4659
2836
8243
6012
6064
5782
9490
2680
6413
9218
1963
9444
7677
6419
5519
6669
8618
5060
4757
759
4995
7766
4199
811
390
5007
3295
3324
448
9430
3138
6042
1774
6204
75
5577
9502
9798
5602
2689
1744
483
7247
4085
4152
3031
6235
7724
3938
1505
6908
2668
8364
3875
5266
1592
1830
8690
9703
220
8395
6478
8373
3885
9763
2669
837
5738
6702
2311
5074
5042
7160
7668
6518
5972
5875
44
5017
1748
6463
2985
1837
1035
4363
6895
5737
2613
3668
7601
806
2639
1961
6801
9304
7494
4068
8354
7799
9960
4975
2299
7049
2206
4727
2321
5048
1292
9495
5063
9105
8797
3066
6318
6903
4860
8551
7745
392
7361
2592
556
9196
63
928
9317
9618
5823
9294
9822
2181
8225
4083
2500
3617
8650
7470
5124
3391
4778
3353
7979
337
6522
3065
207
1533
2027
5641
8545
731
6958
8947
9467
5716
1016
598
8443
4979
2537
9230
658
7288
2681
770
1654
4563
7990
8849
341
6214
9524
385
7850
6551
1182
2564
3002
6279
7438
5769
5653
3824
5046
4090
3232
7824
1664
1189
8725
574
6226
1903
1456
5626
4593
4456
5146
940
6839
7885
2884
2728
1657
1149
4933
7626
9396
8133
9837
4885
1274
2785
3404
7720
8774
9517
3506
9258
377
22
1734
2135
3
1708
3529
1238
2986
3418
301
1707
5220
4980
7366
472
2376
4520
8604
1294
3115
1239
8948
3451
1631
5215
6821
875
3308
5800
1854
5660
4167
3231
984
3331
2329
9929
6742
8181
6441
2177
4704
6237
7548
8149
1391
4173
8186
9266
8712
5289
6569
9423
2076
4529
8465
4957
8982
4451
150
8006
1930
3936
1863
6135
4742
7209
3164
780
1213
9899
7257
1714
7291
1981
5163
503
4059
1170
3710
272
4526
637
1221
8863
8343
9031
963
6243
7001
7728
2186
6108
5085
8312
7284
5573
2953
246
1316
7093
7287
4645
254
4180
1949
4602
90
6059
3352
2725
2224
998
2934
5721
8585
2355
5070
8420
7377
3650
250
3680
9530
4340
3743
2275
5872
1243
8072
3198
7924
3148
1065
541
8791
5727
6187
1691
8271
7233
3142
7067
4893
7069
1749
9701
4847
269
3465
8533
6782
9689
3636
952
2019
4624
1291
7440
3910
3595
4676
367
3403
2756
9734
1596
1857
3880
8787
627
5648
9141
8920
69
5150
9568
3943
5983
6434
4371
1067
2052
1012
7184
2478
5627
9140
7367
4774
7098
2917
937
3017
6156
2130
333
4452
2384
2421
9114
4832
9627
4897
8008
7553
3649
8329
4390
1771
4116
5691
3473
3866
9219
120
1218
6283
2114
6421
4971
9718
7791
6682
4122
1100
4558
103
4617
4514
1372
3896
3559
4441
1168
2088
2610
237
196
7767
1610
1514
5988
2141
9567
3477
7837
6022
1922
1929
1088
6162
8786
8082
152
3341
6234
532
7620
7133
6812
4923
1812
6598
474
5377
362
8887
259
3924
2849
3293
5649
4392
8116
9260
9679
8408
5756
4413
5136
2285
6300
2219
3072
3991
9930
2658
5719
9521
7525
3520
6889
7201
735
6733
6299
7852
4630
9287
8067
6622
2188
111
1115
4014
3894
4140
1015
6324
2572
3471
3567
9384
8233
6369
6961
378
9914
3704
7080
9159
2167
2107
5003
253
6791
64
7345
7131
7102
2514
7934
2825
6643
4891
4736
438
1601
4049
7658
5907
9380
849
71
4956
6134
9996
1659
2136
8504
1935
5657
7342
7325
1094
8749
2174
4243
2550
7173
154
1053
5989
8019
6680
7503
5757
5305
6514
3752
3621
6497
365
7486
8689
1585
6048
1722
73
1387
8147
5896
6711
1537
9213
1300
7478
1066
1539
7023
2209
8543
6949
5244
3392
1741
3259
2575
2045
7197
1312
2718
7782
5949
1356
7212
9311
464
1870
7941
9047
6150
7590
3262
4417
6181
8974
1822
2853
9680
5642
1022
6687
1681
9614
6460
23
3060
5814
9472
6525
8698
4312
9658
1412
4994
9717
7412
4215
1743
4597
9028
9272
1827
9035
8034
9662
9852
836
2360
7540
8869
6767
5935
6193
892
1727
2207
2458
4542
4218
9506
6632
524
278
6420
4460
5623
1730
3028
3415
4729
4791
2640
3325
673
4195
6605
4510
3859
2508
2580
3169
4858
9826
6052
2490
715
7726
1939
4724
3372
9913
1431
9957
5308
5246
92
916
3862
8153
1258
1647
9527
2705
2652
8044
3317
726
6570
8358
7634
2467
9290
2332
2950
8290
2779
6873
9737
1010
5498
5840
8459
2568
4761
2772
3135
9090
7215
6663
2778
2913
5732
458
2105
9982
5134
9666
3825
6529
3114
7374
8112
5381
3796
9715
9286
6983
8968
7026
756
6978
450
3846
2273
4799
1621
7242
9191
2855
4586
9251
3959
5537
4949
5143
5106
9473
9882
3504
8662
5555
6107
7889
3223
6229
2965
3146
2492
6675
9403
9135
8152
3656
9102
7268
1034
9494
7323
8073
6390
793
7883
724
4416
9870
6477
4877
3171
1614
7274
5842
1232
704
7416
8366
4258
9941
7306
1422
2764
5703
8957
3973
3625
121
305
8391
2443
3852
4714
1331
7214
995
1415
2529
6304
9201
7931
2856
1985
927
5538
4924
9243
6276
4070
2814
8042
2142
1555
7569
1724
8859
4985
7513
5522
8092
6651
2757
3113
2033
9845
6024
2878
11
3064
2746
2344
5417
3402
5420
4785
5229
9433
281
8355
4365
252
3664
6220
7134
7422
4420
7736
8319
7596
1793
8879
5940
8171
594
901
1607
1163
9404
4718
9539
3127
4044
8845
4380
8685
2494
7959
5806
386
8914
2078
8861
7399
5068
5008
6114
766
6779
761
17
873
2573
2157
7460
8747
855
6524
6334
1289
3728
9738
902
7750
1625
4353
8399
8410
9349
3379
6262
8272
986
7492
7908
2743
6264
4054
874
4337
460
7817
4608
5958
8030
145
2598
3063
9195
5706
8189
1503
9111
431
1600
6142
4065
3100
4109
8344
7947
8086
9778
3082
8468
9897
2028
2510
9291
5495
3313
5835
283
9296
4352
8782
4759
7927
466
9238
8193
2435
7109
473
3518
6824
4824
7236
9630
505
9100
2108
9163
4532
5191
5617
6924
3652
8483
3966
9782
3061
338
3563
8751
8802
2657
860
5633
9787
2137
388
8405
6885
8511
2171
264
3455
7475
9379
7520
6246
1950
2517
9888
2173
5635
5468
6011
6148
9064
7341
7393
1942
2809
4022
8476
3492
5931
6470
6900
4320
6067
3934
1282
7649
9107
8742
1018
5030
3348
8754
7967
5445
857
4249
3381
7579
6860
1726
1532
6469
4443
760
1731
164
9171
2562
5663
5236
4203
8654
9543
1321
9252
8247
3264
655
9463
6875
468
3116
1190
9976
635
3309
369
752
2642
2333
1519
7942
3538
1617
7060
8342
5224
1097
4428
4254
7881
540
4677
4921
7719
2800
4127
6401
8911
2885
5796
485
6247
427
413
3296
9808
2666
8244
3536
3032
1117
2385
8580
5123
6325
5372
4062
8631
6578
4634
7926
5956
7226
8159
2673
2351
3370
8211
1835
3926
9466
6345
734
1705
3024
3634
7769
6073
1227
5739
7613
6192
364
1824
4177
4871
2541
2243
8963
1751
9825
1146
421
1652
3542
5855
8024
2498
1932
1223
6175
1526
3312
8596
8938
2686
6901
117
7655
2040
8120
8009
5854
3490
4383
1466
9895
8478
1192
8771
1557
512
273
4092
1071
4735
5492
993
6488
2230
3889
8258
812
2542
961
7714
3543
6794
6540
2395
9245
4920
4100
3841
2695
3953
3453
2037
7510
7445
9803
9879
5619
328
5490
467
8049
234
2356
8730
7662
7317
9503
6408
4989
913
2233
4687
5735
5622
9719
5582
5664
8638
3303
7464
999
7759
9372
1328
8762
8322
3674
412
870
841
8126
8979
7741
5579
6843
5388
3357
186
8435
3382
8644
1680
3904
6999
1411
100
486
5914
582
6379
1455
9046
6982
4056
2894
5909
9774
1335
8333
7090
8687
4831
1229
1874
3377
8330
6995
4223
3102
5314
4744
7536
7077
3740
1943
3154
2304
1781
4582
1049
5083
4042
1273
5392
7434
5311
1971
4288
9727
9133
8434
5883
513
9091
8666
9383
5797
7012
982
9307
1564
4368
7682
9386
8989
5157
4397
7322
8411
9720
8837
7025
747
3500
3804
2021
9812
710
9498
506
9185
3555
4873
7328
3781
8277
8529
4321
4032
685
228
217
3675
799
2560
783
6664
8374
3356
684
1850
491
4361
5587
8927
3594
9189
5998
8140
4700
5810
6186
4364
6854
8287
4387
3589
2062
7435
3476
3285
1551
5661
7029
3753
8378
5069
3452
25
8733
138
5307
9890
2346
2998
8557
4030
5423
1632
3612
8138
2891
8402
523
7171
9724
8612
5474
9794
3954
8377
3428
1158
1868
7262
8021
4106
6976
5128
5022
6242
7758
1544
7166
7609
2428
1433
3974
4631
8245
1407
6531
7107
9079
4875
3765
7081
4568
750
784
2392
5697
9864
1114
1202
6560
1933
2821
5858
5340
8659
5517
1226
6206
4940
677
9446
4973
6562
6044
1996
94
2397
380
247
3426
1872
7509
5586
4444
8757
9752
5299
5496
1520
1991
8313
6766
2717
4023
7127
7561
9448
6842
9647
5581
3955
3933
3730
2303
9780
5403
5458
344
8234
4007
2723
8068
5094
4220
5067
6296
1829
6017
4426
2931
2752
6008
960
5600
9682
2053
5037
8492
5504
2754
4553
2410
3118
8923
3820
1884
3754
9796
4857
5938
5025
669
1973
9504
1377
938
8201
3829
6586
3623
9748
5195
642
1240
2566
3813
9950
9534
9007
739
5313
9577
5284
845
4605
5277
7960
5359
2847
2620
2183
8737
3052
7207
7295
6163
5247
3508
5994
7674
7170
1315
2919
4527
3844
4000
7550
972
3047
7951
973
158
9565
1673
858
4808
7804
1988
2749
4240
2244
8385
1410
3038
8129
7772
2806
745
3139
3343
8079
1419
7182
2555
1987
1040
3425
417
221
4734
2319
3957
4377
2670
6120
4155
9178
6231
3662
6018
5421
216
2951
6937
4767
1720
1203
4066
4811
41
2831
5520
7644
3956
3673
7363
6210
4064
9846
3982
8811
2991
12
5677
3641
7321
7740
7044
3011
5242
4096
260
9867
5202
3416
3576
9829
6491
6536
2684
3355
6423
4419
8236
9373
2268
9800
9661
3012
2425
3290
1823
5730
8254
2516
6926
5534
6967
777
1165
5955
700
741
8553
8536
9429
5794
3126
5824
5927
3845
6233
5057
774
7229
8882
290
4067
4851
8414
4284
2650
268
2281
5233
5751
1172
6583
4616
9538
6790
9805
630
2254
3914
9728
124
601
8918
5306
1363
313
1201
3484
1658
7379
719
9733
4467
3604
9084
7178
6771
5076
4129
9582
3564
1558
5759
6222
1171
6965
8548
359
310
3450
47
9681
1009
2249
8261
9791
8810
8704
2090
257
8710
6988
6789
8513
4024
8835
6703
3478
4684
624
4807
9554
2139
5932
768
7687
1856
5282
7217
2929
8874
5241
2445
3087
50
3706
2868
6407
2203
3628
5269
8958
9869
9656
8657
9802
7286
5915
5386
9442
1560
8071
8200
5073
3119
1772
7906
2540
2648
2404
288
2922
5890
1246
1430
551
4999
7255
3548
2043
7796
1699
9764
5532
2732
7603
8586
3686
5137
6776
9249
2617
9261
9917
8415
4448
882
6990
4517
4367
4758
3190
9298
5446
6877
7998
3487
5059
6559
4036
5709
2264
8496
4323
7718
4545
7869
7534
8387
9894
1212
2441
5541
2591
5632
170
8937
